2 0.050000000000000 0.050000000000000 0.005000000000000 0.010000000000000 550.396100000000047 -85620866.666666656732559 -8156666.666666656732559
1 0.050000000000000 0.050000000000000 0.005000000000000 0.010000000000000 483.826099999999997 -87151066.666666656732559 -4989666.666666656732559
1 0.040000000000000 0.050000000000000 0.005000000000000 0.010000000000000 464.201099999999997 -83892566.666666656732559 837333.333333343267441
1 0.050000000000000 0.045000000000000 0.005000000000000 0.010000000000000 464.201099999999997 -81510966.666666656732559 5130333.333333343267441
1 0.050000000000000 0.050000000000000 0.004500000000000 0.010000000000000 458.117300000000000 -80289366.666666656732559 8537333.333333343267441
1 0.050000000000000 0.050000000000000 0.005000000000000 0.009000000000000 444.101600000000019 -84157066.666666656732559 1224333.333333343267441
1.500000000000000 0.050000000000000 0.050000000000000 0.005000000000000 0.010000000000000 515.897699999999986 -86740666.666666656732559 -6989666.666666656732559
1.200000000000000 0.050000000000000 0.050000000000000 0.005000000000000 0.010000000000000 496.242999999999995 -87021866.666666656732559 -5954666.666666656732559
1.100000000000000 0.050000000000000 0.050000000000000 0.005000000000000 0.010000000000000 489.951799999999992 -87089266.666666656732559 -5507666.666666656732559
1.040000000000000 0.046000000000000 0.050000000000000 0.004800000000000 0.009600000000000 451.912599999999998 -82279566.666666656732559 4713333.333333343267441
1.050000000000000 0.050000000000000 0.050000000000000 0.005000000000000 0.010000000000000 486.866699999999980 -87121066.666666656732559 -5258666.666666656732559
1.036000000000000 0.048400000000000 0.050000000000000 0.004700000000000 0.009400000000000 443.129500000000007 -81155666.666666656732559 7358333.333333343267441
1.054000000000000 0.047600000000000 0.050000000000000 0.004600000000000 0.009200000000000 429.699200000000019 -78884366.666666656732559 11984333.333333343267441
1.020000000000000 0.050000000000000 0.050000000000000 0.005000000000000 0.010000000000000 485.036800000000028 -87139366.666666656732559 -5099666.666666656732559
1.045600000000000 0.047400000000000 0.050000000000000 0.004800000000000 0.009100000000000 435.163000000000011 -81385366.666666656732559 7096333.333333343267441
1.010000000000000 0.050000000000000 0.050000000000000 0.005000000000000 0.010000000000000 484.430499999999995 -87145266.666666656732559 -5045666.666666656732559
1.034400000000000 0.047760000000000 0.050000000000000 0.004800000000000 0.009200000000000 439.098200000000020 -81837866.666666656732559 6282333.333333343267441
1.051600000000000 0.046640000000000 0.050000000000000 0.004700000000000 0.009000000000000 425.193899999999985 -79483266.666666656732559 11035333.333333343267441
1 0.045000000000000 0.050000000000000 0.005000000000000 0.010000000000000 474.013599999999997 -85588166.666666656732559 -2151666.666666656732559
1.024600000000000 0.046700000000000 0.050000000000000 0.004700000000000 0.009600000000000 447.342199999999991 -81112266.666666656732559 7147333.333333343267441
1 0.045000000000000 0.050000000000000 0.005000000000000 0.009000000000000 434.289100000000019 -83179166.666666656732559 4140333.333333343267441
1 0.045000000000000 0.050000000000000 0.004500000000000 0.010000000000000 449.286099999999976 -78617166.666666656732559 11591333.333333343267441
1 0.045000000000000 0.045000000000000 0.005000000000000 0.010000000000000 454.388599999999997 -79669466.666666656732559 8552333.333333343267441
1.010000000000000 0.045000000000000 0.050000000000000 0.005000000000000 0.010000000000000 474.610099999999989 -85583166.666666656732559 -2203666.666666656732559
1.017760000000000 0.048104000000000 0.050000000000000 0.004920000000000 0.009280000000000 448.023300000000006 -83763966.666666656732559 2438333.333333343267441
1.013320000000000 0.047328000000000 0.050000000000000 0.004940000000000 0.009460000000000 454.353200000000015 -84270766.666666656732559 1248333.333333343267441
1.005000000000000 0.045000000000000 0.050000000000000 0.005000000000000 0.010000000000000 474.311599999999999 -85585666.666666656732559 -2177666.666666656732559
1.002000000000000 0.047000000000000 0.050000000000000 0.004800000000000 0.009600000000000 451.658299999999997 -82629866.666666656732559 4328333.333333343267441
1.001500000000000 0.046500000000000 0.050000000000000 0.004850000000000 0.009700000000000 457.221000000000004 -83395366.666666656732559 2652333.333333343267441
1 0.043000000000000 0.050000000000000 0.005000000000000 0.010000000000000 470.088599999999985 -84925766.666666656732559 -972666.666666656732559
1.002000000000000 0.044200000000000 0.050000000000000 0.004800000000000 0.009600000000000 446.382299999999987 -81689466.666666656732559 6024333.333333343267441
1 0.043000000000000 0.050000000000000 0.005000000000000 0.009000000000000 430.364100000000008 -82496266.666666656732559 5359333.333333343267441
1 0.043000000000000 0.050000000000000 0.004500000000000 0.010000000000000 445.753600000000006 -77910866.666666656732559 12858333.333333343267441
1 0.043000000000000 0.045000000000000 0.005000000000000 0.010000000000000 450.463599999999985 -78887866.666666656732559 9983333.333333343267441
1.005000000000000 0.043000000000000 0.050000000000000 0.005000000000000 0.010000000000000 470.385100000000023 -84923366.666666656732559 -996666.666666656732559
1 0.048000000000000 0.050000000000000 0.005000000000000 0.010000000000000 479.901099999999985 -86541766.666666656732559 -3874666.666666656732559
1.002000000000000 0.043800000000000 0.050000000000000 0.004800000000000 0.009600000000000 445.628499999999974 -81551466.666666656732559 6270333.333333343267441
1 0.041000000000000 0.050000000000000 0.005000000000000 0.010000000000000 466.163599999999974 -84242166.666666656732559 229333.333333343267441
1.002000000000000 0.043000000000000 0.050000000000000 0.005000000000000 0.010000000000000 470.207100000000025 -84924766.666666656732559 -981666.666666656732559
1 0.043000000000000 0.048000000000000 0.005000000000000 0.010000000000000 462.238600000000019 -82606466.666666656732559 3227333.333333343267441
1.001600000000000 0.044120000000000 0.050000000000000 0.004920000000000 0.009440000000000 445.711299999999994 -82900566.666666656732559 3880333.333333343267441
1.001200000000000 0.043840000000000 0.050000000000000 0.004940000000000 0.009580000000000 451.691500000000019 -83415166.666666656732559 2637333.333333343267441
1 0.042000000000000 0.050000000000000 0.005000000000000 0.010000000000000 468.126100000000008 -84586566.666666656732559 -373666.666666656732559
1.001600000000000 0.042920000000000 0.050000000000000 0.004920000000000 0.009440000000000 443.393599999999992 -82486866.666666656732559 4615333.333333343267441
1 0.042000000000000 0.050000000000000 0.005000000000000 0.009000000000000 428.401599999999974 -82143166.666666656732559 5980333.333333343267441
1 0.042000000000000 0.050000000000000 0.004500000000000 0.010000000000000 443.987300000000005 -77549866.666666656732559 13500333.333333343267441
1 0.042000000000000 0.048000000000000 0.005000000000000 0.010000000000000 460.276099999999985 -82244366.666666656732559 3874333.333333343267441
1.002000000000000 0.042000000000000 0.050000000000000 0.005000000000000 0.010000000000000 468.244300000000010 -84585666.666666656732559 -383666.666666656732559
1 0.044000000000000 0.050000000000000 0.005000000000000 0.010000000000000 472.051100000000019 -85259566.666666656732559 -1564666.666666656732559
1.001440000000000 0.041768000000000 0.050000000000000 0.004968000000000 0.009376000000000 440.940200000000004 -82564866.666666656732559 4480333.333333343267441
1.001000000000000 0.042000000000000 0.050000000000000 0.005000000000000 0.010000000000000 468.185200000000009 -84586066.666666656732559 -378666.666666656732559
1 0.042000000000000 0.049000000000000 0.005000000000000 0.010000000000000 464.201099999999997 -83430966.666666656732559 1721333.333333343267441
1.000976000000000 0.042307200000000 0.050000000000000 0.004987200000000 0.009350400000000 441.886399999999981 -82945966.666666656732559 3814333.333333343267441
1.000732000000000 0.042230400000000 0.050000000000000 0.004990400000000 0.009512800000000 448.282100000000014 -83359266.666666656732559 2741333.333333343267441
1 0.042000000000000 0.050000000000000 0.005000000000000 0.009500000000000 447.741199999999992 -83373166.666666656732559 2720333.333333343267441
1.000500000000000 0.042000000000000 0.050000000000000 0.005000000000000 0.010000000000000 468.155599999999993 -84586366.666666656732559 -376666.666666656732559
1 0.041500000000000 0.050000000000000 0.005000000000000 0.010000000000000 467.144799999999975 -84414966.666666656732559 -72666.666666656732559
1.000550000000000 0.040760000000000 0.048501000000000 0.004738000000000 0.009438000000000 424.834600000000023 -77271066.666666656732559 14423333.333333343267441
1 0.040384000000000 0.049400000000000 0.004975000000000 0.009935000000000 458.720599999999990 -82839766.666666656732559 2919333.333333343267441
1.000905000000000 0.042286000000000 0.049850000000000 0.004934000000000 0.009564000000000 447.151499999999999 -82582866.666666656732559 4166333.333333343267441
1 0.041500000000000 0.050000000000000 0.005000000000000 0.009000000000000 427.420399999999972 -81964066.666666656732559 6293333.333333343267441
1 0.041500000000000 0.050000000000000 0.004500000000000 0.010000000000000 443.104199999999992 -77367366.666666656732559 13822333.333333343267441
1 0.041500000000000 0.049000000000000 0.005000000000000 0.010000000000000 463.219800000000021 -83253666.666666656732559 2034333.333333343267441
1 0.040500000000000 0.050000000000000 0.005000000000000 0.010000000000000 465.182299999999998 -84067966.666666656732559 533333.333333343267441
1.001000000000000 0.041500000000000 0.050000000000000 0.005000000000000 0.010000000000000 467.203899999999976 -84414566.666666656732559 -77666.666666656732559
1 0.042500000000000 0.050000000000000 0.005000000000000 0.010000000000000 469.107300000000009 -84756766.666666656732559 -673666.666666656732559
1 0.041136000000000 0.049400400000000 0.004927200000000 0.009999200000000 460.612399999999980 -82640966.666666656732559 3289333.333333343267441
1.000875000000000 0.041610000000000 0.049850100000000 0.004957800000000 0.009531800000000 445.690499999999986 -82580966.666666656732559 4168333.333333343267441
1 0.041500000000000 0.050000000000000 0.005000000000000 0.009500000000000 446.759900000000016 -83197566.666666656732559 3028333.333333343267441
1 0.041500000000000 0.049500000000000 0.005000000000000 0.010000000000000 465.182299999999998 -83838166.666666656732559 973333.333333343267441
1.000500000000000 0.041500000000000 0.050000000000000 0.005000000000000 0.010000000000000 467.174399999999991 -84414766.666666656732559 -74666.666666656732559
1.000825000000000 0.041610000000000 0.049850100000000 0.004957800000000 0.009531800000000 445.687700000000007 -82580966.666666656732559 4168333.333333343267441
1 0.041300000000000 0.050000000000000 0.005000000000000 0.010000000000000 466.752299999999991 -84345966.666666656732559 48333.333333343267441
1.000200000000000 0.041500000000000 0.050000000000000 0.005000000000000 0.010000000000000 467.156700000000001 -84414866.666666656732559 -73666.666666656732559
1 0.041500000000000 0.049800000000000 0.005000000000000 0.010000000000000 466.359800000000007 -84185166.666666656732559 344333.333333343267441
1 0.041500000000000 0.050000000000000 0.004800000000000 0.010000000000000 457.575699999999983 -81758966.666666656732559 5164333.333333343267441
1 0.041500000000000 0.050000000000000 0.005000000000000 0.009800000000000 458.865400000000022 -83930066.666666656732559 1149333.333333343267441
1 0.041700000000000 0.050000000000000 0.005000000000000 0.010000000000000 467.537300000000016 -84483766.666666656732559 -193666.666666656732559
1.000080000000000 0.041944000000000 0.050000000000000 0.004872800000000 0.009800800000000 453.673299999999983 -82408166.666666656732559 4180333.333333343267441
1.000060000000000 0.041742000000000 0.050000000000000 0.004886400000000 0.009850400000000 455.976099999999974 -82644066.666666656732559 3633333.333333343267441
1 0.041400000000000 0.050000000000000 0.005000000000000 0.010000000000000 466.948599999999999 -84380566.666666656732559 -12666.666666656732559
1 0.040896000000000 0.049400400000000 0.004927200000000 0.009999200000000 460.148199999999974 -82555366.666666656732559 3439333.333333343267441
1.000795000000000 0.041550000000000 0.049850100000000 0.004957800000000 0.009531800000000 445.569299999999998 -82559666.666666656732559 4205333.333333343267441
1 0.041400000000000 0.050000000000000 0.004800000000000 0.010000000000000 457.387299999999982 -81723666.666666656732559 5226333.333333343267441
1 0.041400000000000 0.050000000000000 0.005000000000000 0.009800000000000 458.669199999999989 -83895266.666666656732559 1210333.333333343267441
1 0.041400000000000 0.049800000000000 0.005000000000000 0.010000000000000 466.163599999999974 -84150466.666666656732559 405333.333333343267441
1 0.041200000000000 0.050000000000000 0.005000000000000 0.010000000000000 466.556100000000015 -84311466.666666656732559 108333.333333343267441
1.000200000000000 0.041400000000000 0.050000000000000 0.005000000000000 0.010000000000000 466.960399999999993 -84380466.666666656732559 -13666.666666656732559
1 0.041600000000000 0.050000000000000 0.005000000000000 0.010000000000000 467.341099999999983 -84449366.666666656732559 -132666.666666656732559
1.000398000000000 0.041440000000000 0.049940040000000 0.004783120000000 0.010000000000000 456.450600000000009 -81433266.666666656732559 5788333.333333343267441
1.000099500000000 0.041485000000000 0.049985010000000 0.004945780000000 0.009703180000000 452.247799999999984 -82962066.666666656732559 3188333.333333343267441
1.000100000000000 0.041400000000000 0.050000000000000 0.005000000000000 0.010000000000000 466.954499999999996 -84380466.666666656732559 -12666.666666656732559
1 0.041400000000000 0.049900000000000 0.005000000000000 0.010000000000000 466.556100000000015 -84265666.666666656732559 196333.333333343267441
1 0.041400000000000 0.050000000000000 0.004900000000000 0.010000000000000 462.175799999999981 -83077166.666666656732559 2557333.333333343267441
1 0.041400000000000 0.050000000000000 0.005000000000000 0.009900000000000 462.788000000000011 -84138266.666666656732559 596333.333333343267441
1 0.041570800000000 0.050000000000000 0.005000000000000 0.009821432000000 459.883600000000001 -84006766.666666656732559 974333.333333343267441
1.000224950000000 0.041472700000000 0.049968521000000 0.004874778000000 0.009955358000000 459.138699999999972 -82618066.666666656732559 3518333.333333343267441
1 0.041350000000000 0.050000000000000 0.005000000000000 0.010000000000000 466.850500000000011 -84363266.666666656732559 18333.333333343267441
1.000050000000000 0.041400000000000 0.050000000000000 0.005000000000000 0.010000000000000 466.951500000000010 -84380466.666666656732559 -12666.666666656732559
1 0.041400000000000 0.049950000000000 0.005000000000000 0.010000000000000 466.752299999999991 -84323166.666666656732559 92333.333333343267441
1 0.041400000000000 0.050000000000000 0.004950000000000 0.010000000000000 464.564200000000028 -83734966.666666656732559 1260333.333333343267441
1 0.041400000000000 0.050000000000000 0.005000000000000 0.009950000000000 464.863099999999974 -84259466.666666656732559 291333.333333343267441
1 0.041450000000000 0.050000000000000 0.005000000000000 0.010000000000000 467.046699999999987 -84397766.666666656732559 -42666.666666656732559
1.000020000000000 0.041420000000000 0.050000000000000 0.004960000000000 0.009960000000000 463.412199999999984 -83774266.666666656732559 1236333.333333343267441
1.000015000000000 0.041415000000000 0.050000000000000 0.004970000000000 0.009970000000000 464.295999999999992 -83926766.666666656732559 922333.333333343267441
1 0.041380000000000 0.050000000000000 0.005000000000000 0.010000000000000 466.909299999999973 -84373666.666666656732559 -666.666666656732559
1 0.041522800000000 0.050000000000000 0.005000000000000 0.009821432000000 459.789400000000001 -83990166.666666656732559 1003333.333333343267441
1.000219950000000 0.041460700000000 0.049968521000000 0.004874778000000 0.009955358000000 459.115499999999997 -82613866.666666656732559 3526333.333333343267441
1 0.041380000000000 0.050000000000000 0.004950000000000 0.010000000000000 464.525300000000016 -83727966.666666656732559 1272333.333333343267441
1 0.041380000000000 0.050000000000000 0.005000000000000 0.009950000000000 464.823800000000006 -84252566.666666656732559 303333.333333343267441
1 0.041380000000000 0.049950000000000 0.005000000000000 0.010000000000000 466.713099999999997 -84316266.666666656732559 104333.333333343267441
1 0.041330000000000 0.050000000000000 0.005000000000000 0.010000000000000 466.811199999999985 -84356366.666666656732559 30333.333333343267441
1.000050000000000 0.041380000000000 0.050000000000000 0.005000000000000 0.010000000000000 466.912300000000016 -84373566.666666656732559 -666.666666656732559
1 0.041430000000000 0.050000000000000 0.005000000000000 0.010000000000000 467.007499999999993 -84390866.666666656732559 -30666.666666656732559
1.000020000000000 0.041384000000000 0.050000000000000 0.004960000000000 0.009960000000000 463.342100000000016 -83761766.666666656732559 1258333.333333343267441
1.000015000000000 0.041388000000000 0.050000000000000 0.004970000000000 0.009970000000000 464.243299999999977 -83917366.666666656732559 938333.333333343267441
1.000020000000000 0.041380000000000 0.050000000000000 0.005000000000000 0.010000000000000 466.910500000000013 -84373566.666666656732559 -666.666666656732559
1 0.041380000000000 0.050000000000000 0.004980000000000 0.010000000000000 465.956200000000024 -84116866.666666656732559 506333.333333343267441
1 0.041380000000000 0.050000000000000 0.005000000000000 0.009980000000000 466.073899999999981 -84325266.666666656732559 121333.333333343267441
1 0.041360000000000 0.050000000000000 0.005000000000000 0.010000000000000 466.870099999999979 -84366766.666666656732559 12333.333333343267441
1 0.041380000000000 0.049980000000000 0.005000000000000 0.010000000000000 466.830800000000011 -84350666.666666656732559 41333.333333343267441
1.000016000000000 0.041389600000000 0.050000000000000 0.004964000000000 0.009984000000000 464.544399999999996 -83874266.666666656732559 1005333.333333343267441
1.000012000000000 0.041387200000000 0.050000000000000 0.004973000000000 0.009988000000000 465.135699999999986 -83999766.666666656732559 753333.333333343267441
1 0.041370000000000 0.050000000000000 0.005000000000000 0.010000000000000 466.889700000000005 -84370166.666666656732559 6333.333333343267441
1.000010000000000 0.041380000000000 0.050000000000000 0.005000000000000 0.010000000000000 466.909899999999993 -84373666.666666656732559 -666.666666656732559
1 0.041380000000000 0.049990000000000 0.005000000000000 0.010000000000000 466.870099999999979 -84362166.666666656732559 20333.333333343267441
1 0.041380000000000 0.050000000000000 0.004990000000000 0.010000000000000 466.432900000000018 -84245466.666666656732559 252333.333333343267441
1 0.041380000000000 0.050000000000000 0.005000000000000 0.009990000000000 466.491399999999999 -84349466.666666656732559 60333.333333343267441
1 0.041390000000000 0.050000000000000 0.005000000000000 0.010000000000000 466.928999999999974 -84377066.666666656732559 -6666.666666656732559
1.000018400000000 0.041389440000000 0.050000000000000 0.004969600000000 0.009977600000000 464.544199999999989 -83931166.666666656732559 901333.333333343267441
1 0.041375000000000 0.050000000000000 0.005000000000000 0.010000000000000 466.899499999999989 -84371866.666666656732559 3333.333333343267441
1.000005000000000 0.041380000000000 0.050000000000000 0.005000000000000 0.010000000000000 466.909600000000012 -84373666.666666656732559 -666.666666656732559
1 0.041380000000000 0.049995000000000 0.005000000000000 0.010000000000000 466.889700000000005 -84367866.666666656732559 10333.333333343267441
1 0.041380000000000 0.050000000000000 0.004995000000000 0.010000000000000 466.671100000000024 -84309566.666666656732559 126333.333333343267441
1 0.041380000000000 0.050000000000000 0.005000000000000 0.009995000000000 466.700300000000027 -84361566.666666656732559 30333.333333343267441
1 0.041385000000000 0.050000000000000 0.005000000000000 0.010000000000000 466.919199999999989 -84375366.666666656732559 -3666.666666656732559
1.000002000000000 0.041382000000000 0.050000000000000 0.004996000000000 0.009996000000000 466.555600000000027 -84313466.666666656732559 123333.333333343267441
1.000001500000000 0.041381500000000 0.050000000000000 0.004997000000000 0.009997000000000 466.644000000000005 -84328466.666666656732559 92333.333333343267441
1 0.041378000000000 0.050000000000000 0.005000000000000 0.010000000000000 466.905399999999986 -84372966.666666656732559 1333.333333343267441
1.000002000000000 0.041380000000000 0.050000000000000 0.005000000000000 0.010000000000000 466.909499999999980 -84373666.666666656732559 -666.666666656732559
1 0.041380000000000 0.049998000000000 0.005000000000000 0.010000000000000 466.901499999999999 -84371366.666666656732559 4333.333333343267441
1 0.041380000000000 0.050000000000000 0.004998000000000 0.010000000000000 466.814099999999996 -84348066.666666656732559 50333.333333343267441
1 0.041380000000000 0.050000000000000 0.005000000000000 0.009998000000000 466.825699999999983 -84368766.666666656732559 12333.333333343267441
1 0.041382000000000 0.050000000000000 0.005000000000000 0.010000000000000 466.913299999999992 -84374266.666666656732559 -1666.666666656732559
1.000001600000000 0.041381600000000 0.050000000000000 0.004996400000000 0.009998400000000 466.674199999999985 -84324266.666666656732559 99333.333333343267441
1.000001200000000 0.041381200000000 0.050000000000000 0.004997300000000 0.009998800000000 466.733000000000004 -84336566.666666656732559 74333.333333343267441
1 0.041379000000000 0.050000000000000 0.005000000000000 0.010000000000000 466.907399999999996 -84373266.666666656732559 333.333333343267441
1.000001000000000 0.041380000000000 0.050000000000000 0.005000000000000 0.010000000000000 466.909400000000005 -84373666.666666656732559 -666.666666656732559
1 0.041380000000000 0.049999000000000 0.005000000000000 0.010000000000000 466.905399999999986 -84372466.666666656732559 2333.333333343267441
1 0.041380000000000 0.050000000000000 0.004999000000000 0.010000000000000 466.861699999999985 -84360866.666666656732559 25333.333333343267441
1 0.041380000000000 0.050000000000000 0.005000000000000 0.009999000000000 466.867500000000007 -84371166.666666656732559 6333.333333343267441
1 0.041381000000000 0.050000000000000 0.005000000000000 0.010000000000000 466.911299999999983 -84373966.666666656732559 -666.666666656732559
1.000001840000000 0.041381840000000 0.050000000000000 0.004996960000000 0.009997760000000 466.674599999999998 -84329966.666666656732559 89333.333333343267441
1.000001380000000 0.041381380000000 0.050000000000000 0.004997720000000 0.009998320000000 466.733299999999986 -84340866.666666656732559 66333.333333343267441
1 0.041379500000000 0.050000000000000 0.005000000000000 0.010000000000000 466.908399999999972 -84373466.666666656732559 333.333333343267441
1.000000500000000 0.041380000000000 0.050000000000000 0.005000000000000 0.010000000000000 466.909400000000005 -84373666.666666656732559 -666.666666656732559
1 0.041380000000000 0.049999500000000 0.005000000000000 0.010000000000000 466.907399999999996 -84373066.666666656732559 1333.333333343267441
1 0.041380000000000 0.050000000000000 0.004999500000000 0.010000000000000 466.885499999999979 -84367266.666666656732559 12333.333333343267441
1 0.041380000000000 0.050000000000000 0.005000000000000 0.009999500000000 466.888399999999990 -84372366.666666656732559 3333.333333343267441
1 0.041380500000000 0.050000000000000 0.005000000000000 0.010000000000000 466.910300000000007 -84373766.666666656732559 -666.666666656732559
1.000000400000000 0.041380200000000 0.050000000000000 0.004999600000000 0.009999600000000 466.874000000000024 -84367566.666666656732559 12333.333333343267441
1.000000300000000 0.041380150000000 0.050000000000000 0.004999700000000 0.009999700000000 466.882799999999975 -84369066.666666656732559 9333.333333343267441
1.000000200000000 0.041380000000000 0.050000000000000 0.005000000000000 0.010000000000000 466.909400000000005 -84373666.666666656732559 -666.666666656732559
1 0.041380200000000 0.050000000000000 0.005000000000000 0.010000000000000 466.909699999999987 -84373666.666666656732559 -666.666666656732559
1 0.041379800000000 0.050000000000000 0.005000000000000 0.010000000000000 466.908999999999992 -84373566.666666656732559 333.333333343267441
1 0.041380000000000 0.049999800000000 0.005000000000000 0.010000000000000 466.908599999999979 -84373366.666666656732559 333.333333343267441
1 0.041380000000000 0.050000000000000 0.004999800000000 0.010000000000000 466.899800000000027 -84371066.666666656732559 5333.333333343267441
1 0.041380000000000 0.050000000000000 0.005000000000000 0.009999800000000 466.901000000000010 -84373166.666666656732559 1333.333333343267441
1.000000360000000 0.041380160000000 0.050000000000000 0.004999640000000 0.009999840000000 466.885800000000017 -84368666.666666656732559 9333.333333343267441
1.000000270000000 0.041380120000000 0.050000000000000 0.004999730000000 0.009999880000000 466.891700000000014 -84369866.666666656732559 7333.333333343267441
1 0.041379900000000 0.050000000000000 0.005000000000000 0.010000000000000 466.909199999999998 -84373566.666666656732559 333.333333343267441
1.000000100000000 0.041380000000000 0.050000000000000 0.005000000000000 0.010000000000000 466.909400000000005 -84373666.666666656732559 -666.666666656732559
1 0.041380000000000 0.049999900000000 0.005000000000000 0.010000000000000 466.908999999999992 -84373466.666666656732559 333.333333343267441
1 0.041380000000000 0.050000000000000 0.004999900000000 0.010000000000000 466.904600000000016 -84372366.666666656732559 2333.333333343267441
1 0.041380000000000 0.050000000000000 0.005000000000000 0.009999900000000 466.905199999999979 -84373366.666666656732559 333.333333343267441
1 0.041380100000000 0.050000000000000 0.005000000000000 0.010000000000000 466.909499999999980 -84373666.666666656732559 -666.666666656732559
1.000000384000000 0.041380184000000 0.050000000000000 0.004999696000000 0.009999776000000 466.885899999999992 -84369266.666666656732559 8333.333333343267441
1.000000288000000 0.041380138000000 0.050000000000000 0.004999772000000 0.009999832000000 466.891700000000014 -84370366.666666656732559 6333.333333343267441
1 0.041379950000000 0.050000000000000 0.005000000000000 0.010000000000000 466.909199999999998 -84373566.666666656732559 333.333333343267441
1.000000050000000 0.041380000000000 0.050000000000000 0.005000000000000 0.010000000000000 466.909400000000005 -84373666.666666656732559 -666.666666656732559
1 0.041380000000000 0.049999950000000 0.005000000000000 0.010000000000000 466.909199999999998 -84373566.666666656732559 333.333333343267441
1 0.041380000000000 0.050000000000000 0.004999950000000 0.010000000000000 466.906999999999982 -84372966.666666656732559 1333.333333343267441
1 0.041380000000000 0.050000000000000 0.005000000000000 0.009999950000000 466.907300000000021 -84373466.666666656732559 333.333333343267441
1 0.041380050000000 0.050000000000000 0.005000000000000 0.010000000000000 466.909400000000005 -84373666.666666656732559 -666.666666656732559
1.000000040000000 0.041380020000000 0.050000000000000 0.004999960000000 0.009999960000000 466.905799999999999 -84373066.666666656732559 1333.333333343267441
1.000000030000000 0.041380015000000 0.050000000000000 0.004999970000000 0.009999970000000 466.906700000000001 -84373166.666666656732559 333.333333343267441
1.000000020000000 0.041380000000000 0.050000000000000 0.005000000000000 0.010000000000000 466.909299999999973 -84373666.666666656732559 -666.666666656732559
1 0.041380020000000 0.050000000000000 0.005000000000000 0.010000000000000 466.909400000000005 -84373666.666666656732559 -666.666666656732559
1 0.041379980000000 0.050000000000000 0.005000000000000 0.010000000000000 466.909299999999973 -84373566.666666656732559 333.333333343267441
1 0.041380000000000 0.049999980000000 0.005000000000000 0.010000000000000 466.909299999999973 -84373566.666666656732559 333.333333343267441
1 0.041380000000000 0.050000000000000 0.004999980000000 0.010000000000000 466.908399999999972 -84373366.666666656732559 333.333333343267441
1 0.041380000000000 0.050000000000000 0.005000000000000 0.009999980000000 466.908500000000004 -84373566.666666656732559 333.333333343267441
1.000000024000000 0.041380028000000 0.050000000000000 0.004999964000000 0.009999984000000 466.906999999999982 -84373166.666666656732559 333.333333343267441
1.000000018000000 0.041380021000000 0.050000000000000 0.004999973000000 0.009999988000000 466.907600000000002 -84373266.666666656732559 333.333333343267441
1 0.041379990000000 0.050000000000000 0.005000000000000 0.010000000000000 466.909299999999973 -84373666.666666656732559 -666.666666656732559
1.000000010000000 0.041380000000000 0.050000000000000 0.005000000000000 0.010000000000000 466.909299999999973 -84373666.666666656732559 -666.666666656732559
1 0.041380000000000 0.049999990000000 0.005000000000000 0.010000000000000 466.909299999999973 -84373566.666666656732559 333.333333343267441
1 0.041380000000000 0.050000000000000 0.004999990000000 0.010000000000000 466.908900000000017 -84373466.666666656732559 333.333333343267441
1 0.041380000000000 0.050000000000000 0.005000000000000 0.009999990000000 466.908900000000017 -84373566.666666656732559 333.333333343267441
1 0.041380010000000 0.050000000000000 0.005000000000000 0.010000000000000 466.909400000000005 -84373666.666666656732559 -666.666666656732559
