  1	2.0000000000 0.0500000000 0.0500000000 0.0050000000 0.0100000000 550.3961000000	550.3961000000 -8.5620866667e+07 -8.1566666667e+06 
  2	1.0000000000 0.0500000000 0.0500000000 0.0050000000 0.0100000000 483.8261000000	483.8261000000 -8.7151066667e+07 -4.9896666667e+06 
  3	1.0000000000 0.0400000000 0.0500000000 0.0050000000 0.0100000000 inf	464.2011000000 -8.3892566667e+07 8.3733333333e+05 
  4	1.0000000000 0.0500000000 0.0450000000 0.0050000000 0.0100000000 inf	464.2011000000 -8.1510966667e+07 5.1303333333e+06 
  5	1.0000000000 0.0500000000 0.0500000000 0.0045000000 0.0100000000 inf	458.1173000000 -8.0289366667e+07 8.5373333333e+06 
  6	1.0000000000 0.0500000000 0.0500000000 0.0050000000 0.0090000000 inf	444.1016000000 -8.4157066667e+07 1.2243333333e+06 
  7	1.5000000000 0.0500000000 0.0500000000 0.0050000000 0.0100000000 515.8977000000	515.8977000000 -8.6740666667e+07 -6.9896666667e+06 
  8	1.2000000000 0.0500000000 0.0500000000 0.0050000000 0.0100000000 496.2430000000	496.2430000000 -8.7021866667e+07 -5.9546666667e+06 
  9	1.1000000000 0.0500000000 0.0500000000 0.0050000000 0.0100000000 489.9518000000	489.9518000000 -8.7089266667e+07 -5.5076666667e+06 
 10	1.0400000000 0.0460000000 0.0500000000 0.0048000000 0.0096000000 inf	451.9126000000 -8.2279566667e+07 4.7133333333e+06 
 11	1.0500000000 0.0500000000 0.0500000000 0.0050000000 0.0100000000 486.8667000000	486.8667000000 -8.7121066667e+07 -5.2586666667e+06 
 12	1.0360000000 0.0484000000 0.0500000000 0.0047000000 0.0094000000 inf	443.1295000000 -8.1155666667e+07 7.3583333333e+06 
 13	1.0540000000 0.0476000000 0.0500000000 0.0046000000 0.0092000000 inf	429.6992000000 -7.8884366667e+07 1.1984333333e+07 
 14	1.0200000000 0.0500000000 0.0500000000 0.0050000000 0.0100000000 485.0368000000	485.0368000000 -8.7139366667e+07 -5.0996666667e+06 
 15	1.0456000000 0.0474000000 0.0500000000 0.0048000000 0.0091000000 inf	435.1630000000 -8.1385366667e+07 7.0963333333e+06 
 16	1.0100000000 0.0500000000 0.0500000000 0.0050000000 0.0100000000 484.4305000000	484.4305000000 -8.7145266667e+07 -5.0456666667e+06 
 17	1.0344000000 0.0477600000 0.0500000000 0.0048000000 0.0092000000 inf	439.0982000000 -8.1837866667e+07 6.2823333333e+06 
 18	1.0516000000 0.0466400000 0.0500000000 0.0047000000 0.0090000000 inf	425.1939000000 -7.9483266667e+07 1.1035333333e+07 
 19	1.0000000000 0.0450000000 0.0500000000 0.0050000000 0.0100000000 474.0136000000	474.0136000000 -8.5588166667e+07 -2.1516666667e+06 
 20	1.0246000000 0.0467000000 0.0500000000 0.0047000000 0.0096000000 inf	447.3422000000 -8.1112266667e+07 7.1473333333e+06 
 21	1.0000000000 0.0450000000 0.0500000000 0.0050000000 0.0090000000 inf	434.2891000000 -8.3179166667e+07 4.1403333333e+06 
 22	1.0000000000 0.0450000000 0.0500000000 0.0045000000 0.0100000000 inf	449.2861000000 -7.8617166667e+07 1.1591333333e+07 
 23	1.0000000000 0.0450000000 0.0450000000 0.0050000000 0.0100000000 inf	454.3886000000 -7.9669466667e+07 8.5523333333e+06 
 24	1.0100000000 0.0450000000 0.0500000000 0.0050000000 0.0100000000 474.6101000000	474.6101000000 -8.5583166667e+07 -2.2036666667e+06 
 25	1.0177600000 0.0481040000 0.0500000000 0.0049200000 0.0092800000 inf	448.0233000000 -8.3763966667e+07 2.4383333333e+06 
 26	1.0133200000 0.0473280000 0.0500000000 0.0049400000 0.0094600000 inf	454.3532000000 -8.4270766667e+07 1.2483333333e+06 
 27	1.0050000000 0.0450000000 0.0500000000 0.0050000000 0.0100000000 474.3116000000	474.3116000000 -8.5585666667e+07 -2.1776666667e+06 
 28	1.0020000000 0.0470000000 0.0500000000 0.0048000000 0.0096000000 inf	451.6583000000 -8.2629866667e+07 4.3283333333e+06 
 29	1.0015000000 0.0465000000 0.0500000000 0.0048500000 0.0097000000 inf	457.2210000000 -8.3395366667e+07 2.6523333333e+06 
 30	1.0000000000 0.0430000000 0.0500000000 0.0050000000 0.0100000000 470.0886000000	470.0886000000 -8.4925766667e+07 -9.7266666667e+05 
 31	1.0020000000 0.0442000000 0.0500000000 0.0048000000 0.0096000000 inf	446.3823000000 -8.1689466667e+07 6.0243333333e+06 
 32	1.0000000000 0.0430000000 0.0500000000 0.0050000000 0.0090000000 inf	430.3641000000 -8.2496266667e+07 5.3593333333e+06 
 33	1.0000000000 0.0430000000 0.0500000000 0.0045000000 0.0100000000 inf	445.7536000000 -7.7910866667e+07 1.2858333333e+07 
 34	1.0000000000 0.0430000000 0.0450000000 0.0050000000 0.0100000000 inf	450.4636000000 -7.8887866667e+07 9.9833333333e+06 
 35	1.0050000000 0.0430000000 0.0500000000 0.0050000000 0.0100000000 470.3851000000	470.3851000000 -8.4923366667e+07 -9.9666666667e+05 
 36	1.0000000000 0.0480000000 0.0500000000 0.0050000000 0.0100000000 479.9011000000	479.9011000000 -8.6541766667e+07 -3.8746666667e+06 
 37	1.0020000000 0.0438000000 0.0500000000 0.0048000000 0.0096000000 inf	445.6285000000 -8.1551466667e+07 6.2703333333e+06 
 38	1.0000000000 0.0410000000 0.0500000000 0.0050000000 0.0100000000 inf	466.1636000000 -8.4242166667e+07 2.2933333333e+05 
 39	1.0020000000 0.0430000000 0.0500000000 0.0050000000 0.0100000000 470.2071000000	470.2071000000 -8.4924766667e+07 -9.8166666667e+05 
 40	1.0000000000 0.0430000000 0.0480000000 0.0050000000 0.0100000000 inf	462.2386000000 -8.2606466667e+07 3.2273333333e+06 
 41	1.0016000000 0.0441200000 0.0500000000 0.0049200000 0.0094400000 inf	445.7113000000 -8.2900566667e+07 3.8803333333e+06 
 42	1.0012000000 0.0438400000 0.0500000000 0.0049400000 0.0095800000 inf	451.6915000000 -8.3415166667e+07 2.6373333333e+06 
 43	1.0000000000 0.0420000000 0.0500000000 0.0050000000 0.0100000000 468.1261000000	468.1261000000 -8.4586566667e+07 -3.7366666667e+05 
 44	1.0016000000 0.0429200000 0.0500000000 0.0049200000 0.0094400000 inf	443.3936000000 -8.2486866667e+07 4.6153333333e+06 
 45	1.0000000000 0.0420000000 0.0500000000 0.0050000000 0.0090000000 inf	428.4016000000 -8.2143166667e+07 5.9803333333e+06 
 46	1.0000000000 0.0420000000 0.0500000000 0.0045000000 0.0100000000 inf	443.9873000000 -7.7549866667e+07 1.3500333333e+07 
 47	1.0000000000 0.0420000000 0.0480000000 0.0050000000 0.0100000000 inf	460.2761000000 -8.2244366667e+07 3.8743333333e+06 
 48	1.0020000000 0.0420000000 0.0500000000 0.0050000000 0.0100000000 468.2443000000	468.2443000000 -8.4585666667e+07 -3.8366666667e+05 
 49	1.0000000000 0.0440000000 0.0500000000 0.0050000000 0.0100000000 472.0511000000	472.0511000000 -8.5259566667e+07 -1.5646666667e+06 
 50	1.0014400000 0.0417680000 0.0500000000 0.0049680000 0.0093760000 inf	440.9402000000 -8.2564866667e+07 4.4803333333e+06 
 51	1.0010000000 0.0420000000 0.0500000000 0.0050000000 0.0100000000 468.1852000000	468.1852000000 -8.4586066667e+07 -3.7866666667e+05 
 52	1.0000000000 0.0420000000 0.0490000000 0.0050000000 0.0100000000 inf	464.2011000000 -8.3430966667e+07 1.7213333333e+06 
 53	1.0009760000 0.0423072000 0.0500000000 0.0049872000 0.0093504000 inf	441.8864000000 -8.2945966667e+07 3.8143333333e+06 
 54	1.0007320000 0.0422304000 0.0500000000 0.0049904000 0.0095128000 inf	448.2821000000 -8.3359266667e+07 2.7413333333e+06 
 55	1.0000000000 0.0420000000 0.0500000000 0.0050000000 0.0095000000 inf	447.7412000000 -8.3373166667e+07 2.7203333333e+06 
 56	1.0005000000 0.0420000000 0.0500000000 0.0050000000 0.0100000000 468.1556000000	468.1556000000 -8.4586366667e+07 -3.7666666667e+05 
 57	1.0000000000 0.0415000000 0.0500000000 0.0050000000 0.0100000000 467.1448000000	467.1448000000 -8.4414966667e+07 -72666.6666666567 
 58	1.0005500000 0.0407600000 0.0485010000 0.0047380000 0.0094380000 inf	424.8346000000 -7.7271066667e+07 1.4423333333e+07 
 59	1.0000000000 0.0403840000 0.0494000000 0.0049750000 0.0099350000 inf	458.7206000000 -8.2839766667e+07 2.9193333333e+06 
 60	1.0009050000 0.0422860000 0.0498500000 0.0049340000 0.0095640000 inf	447.1515000000 -8.2582866667e+07 4.1663333333e+06 
 61	1.0000000000 0.0415000000 0.0500000000 0.0050000000 0.0090000000 inf	427.4204000000 -8.1964066667e+07 6.2933333333e+06 
 62	1.0000000000 0.0415000000 0.0500000000 0.0045000000 0.0100000000 inf	443.1042000000 -7.7367366667e+07 1.3822333333e+07 
 63	1.0000000000 0.0415000000 0.0490000000 0.0050000000 0.0100000000 inf	463.2198000000 -8.3253666667e+07 2.0343333333e+06 
 64	1.0000000000 0.0405000000 0.0500000000 0.0050000000 0.0100000000 inf	465.1823000000 -8.4067966667e+07 5.3333333333e+05 
 65	1.0010000000 0.0415000000 0.0500000000 0.0050000000 0.0100000000 467.2039000000	467.2039000000 -8.4414566667e+07 -77666.6666666567 
 66	1.0000000000 0.0425000000 0.0500000000 0.0050000000 0.0100000000 469.1073000000	469.1073000000 -8.4756766667e+07 -6.7366666667e+05 
 67	1.0000000000 0.0411360000 0.0494004000 0.0049272000 0.0099992000 inf	460.6124000000 -8.2640966667e+07 3.2893333333e+06 
 68	1.0008750000 0.0416100000 0.0498501000 0.0049578000 0.0095318000 inf	445.6905000000 -8.2580966667e+07 4.1683333333e+06 
 69	1.0000000000 0.0415000000 0.0500000000 0.0050000000 0.0095000000 inf	446.7599000000 -8.3197566667e+07 3.0283333333e+06 
 70	1.0000000000 0.0415000000 0.0495000000 0.0050000000 0.0100000000 inf	465.1823000000 -8.3838166667e+07 9.7333333333e+05 
 71	1.0005000000 0.0415000000 0.0500000000 0.0050000000 0.0100000000 467.1744000000	467.1744000000 -8.4414766667e+07 -74666.6666666567 
 72	1.0008250000 0.0416100000 0.0498501000 0.0049578000 0.0095318000 inf	445.6877000000 -8.2580966667e+07 4.1683333333e+06 
 73	1.0000000000 0.0413000000 0.0500000000 0.0050000000 0.0100000000 inf	466.7523000000 -8.4345966667e+07 48333.3333333433 
 74	1.0002000000 0.0415000000 0.0500000000 0.0050000000 0.0100000000 467.1567000000	467.1567000000 -8.4414866667e+07 -73666.6666666567 
 75	1.0000000000 0.0415000000 0.0498000000 0.0050000000 0.0100000000 inf	466.3598000000 -8.4185166667e+07 3.4433333333e+05 
 76	1.0000000000 0.0415000000 0.0500000000 0.0048000000 0.0100000000 inf	457.5757000000 -8.1758966667e+07 5.1643333333e+06 
 77	1.0000000000 0.0415000000 0.0500000000 0.0050000000 0.0098000000 inf	458.8654000000 -8.3930066667e+07 1.1493333333e+06 
 78	1.0000000000 0.0417000000 0.0500000000 0.0050000000 0.0100000000 467.5373000000	467.5373000000 -8.4483766667e+07 -1.9366666667e+05 
 79	1.0000800000 0.0419440000 0.0500000000 0.0048728000 0.0098008000 inf	453.6733000000 -8.2408166667e+07 4.1803333333e+06 
 80	1.0000600000 0.0417420000 0.0500000000 0.0048864000 0.0098504000 inf	455.9761000000 -8.2644066667e+07 3.6333333333e+06 
 81	1.0000000000 0.0414000000 0.0500000000 0.0050000000 0.0100000000 466.9486000000	466.9486000000 -8.4380566667e+07 -12666.6666666567 
 82	1.0000000000 0.0408960000 0.0494004000 0.0049272000 0.0099992000 inf	460.1482000000 -8.2555366667e+07 3.4393333333e+06 
 83	1.0007950000 0.0415500000 0.0498501000 0.0049578000 0.0095318000 inf	445.5693000000 -8.2559666667e+07 4.2053333333e+06 
 84	1.0000000000 0.0414000000 0.0500000000 0.0048000000 0.0100000000 inf	457.3873000000 -8.1723666667e+07 5.2263333333e+06 
 85	1.0000000000 0.0414000000 0.0500000000 0.0050000000 0.0098000000 inf	458.6692000000 -8.3895266667e+07 1.2103333333e+06 
 86	1.0000000000 0.0414000000 0.0498000000 0.0050000000 0.0100000000 inf	466.1636000000 -8.4150466667e+07 4.0533333333e+05 
 87	1.0000000000 0.0412000000 0.0500000000 0.0050000000 0.0100000000 inf	466.5561000000 -8.4311466667e+07 1.0833333333e+05 
 88	1.0002000000 0.0414000000 0.0500000000 0.0050000000 0.0100000000 466.9604000000	466.9604000000 -8.4380466667e+07 -13666.6666666567 
 89	1.0000000000 0.0416000000 0.0500000000 0.0050000000 0.0100000000 467.3411000000	467.3411000000 -8.4449366667e+07 -1.3266666667e+05 
 90	1.0003980000 0.0414400000 0.0499400400 0.0047831200 0.0100000000 inf	456.4506000000 -8.1433266667e+07 5.7883333333e+06 
 91	1.0000995000 0.0414850000 0.0499850100 0.0049457800 0.0097031800 inf	452.2478000000 -8.2962066667e+07 3.1883333333e+06 
 92	1.0001000000 0.0414000000 0.0500000000 0.0050000000 0.0100000000 466.9545000000	466.9545000000 -8.4380466667e+07 -12666.6666666567 
 93	1.0000000000 0.0414000000 0.0499000000 0.0050000000 0.0100000000 inf	466.5561000000 -8.4265666667e+07 1.9633333333e+05 
 94	1.0000000000 0.0414000000 0.0500000000 0.0049000000 0.0100000000 inf	462.1758000000 -8.3077166667e+07 2.5573333333e+06 
 95	1.0000000000 0.0414000000 0.0500000000 0.0050000000 0.0099000000 inf	462.7880000000 -8.4138266667e+07 5.9633333333e+05 
 96	1.0000000000 0.0415708000 0.0500000000 0.0050000000 0.0098214320 inf	459.8836000000 -8.4006766667e+07 9.7433333333e+05 
 97	1.0002249500 0.0414727000 0.0499685210 0.0048747780 0.0099553580 inf	459.1387000000 -8.2618066667e+07 3.5183333333e+06 
 98	1.0000000000 0.0413500000 0.0500000000 0.0050000000 0.0100000000 inf	466.8505000000 -8.4363266667e+07 18333.3333333433 
 99	1.0000500000 0.0414000000 0.0500000000 0.0050000000 0.0100000000 466.9515000000	466.9515000000 -8.4380466667e+07 -12666.6666666567 
100	1.0000000000 0.0414000000 0.0499500000 0.0050000000 0.0100000000 inf	466.7523000000 -8.4323166667e+07 92333.3333333433 
101	1.0000000000 0.0414000000 0.0500000000 0.0049500000 0.0100000000 inf	464.5642000000 -8.3734966667e+07 1.2603333333e+06 
102	1.0000000000 0.0414000000 0.0500000000 0.0050000000 0.0099500000 inf	464.8631000000 -8.4259466667e+07 2.9133333333e+05 
103	1.0000000000 0.0414500000 0.0500000000 0.0050000000 0.0100000000 467.0467000000	467.0467000000 -8.4397766667e+07 -42666.6666666567 
104	1.0000200000 0.0414200000 0.0500000000 0.0049600000 0.0099600000 inf	463.4122000000 -8.3774266667e+07 1.2363333333e+06 
105	1.0000150000 0.0414150000 0.0500000000 0.0049700000 0.0099700000 inf	464.2960000000 -8.3926766667e+07 9.2233333333e+05 
106	1.0000000000 0.0413800000 0.0500000000 0.0050000000 0.0100000000 466.9093000000	466.9093000000 -8.4373666667e+07 -666.6666666567 
107	1.0000000000 0.0415228000 0.0500000000 0.0050000000 0.0098214320 inf	459.7894000000 -8.3990166667e+07 1.0033333333e+06 
108	1.0002199500 0.0414607000 0.0499685210 0.0048747780 0.0099553580 inf	459.1155000000 -8.2613866667e+07 3.5263333333e+06 
109	1.0000000000 0.0413800000 0.0500000000 0.0049500000 0.0100000000 inf	464.5253000000 -8.3727966667e+07 1.2723333333e+06 
110	1.0000000000 0.0413800000 0.0500000000 0.0050000000 0.0099500000 inf	464.8238000000 -8.4252566667e+07 3.0333333333e+05 
111	1.0000000000 0.0413800000 0.0499500000 0.0050000000 0.0100000000 inf	466.7131000000 -8.4316266667e+07 1.0433333333e+05 
112	1.0000000000 0.0413300000 0.0500000000 0.0050000000 0.0100000000 inf	466.8112000000 -8.4356366667e+07 30333.3333333433 
113	1.0000500000 0.0413800000 0.0500000000 0.0050000000 0.0100000000 466.9123000000	466.9123000000 -8.4373566667e+07 -666.6666666567 
114	1.0000000000 0.0414300000 0.0500000000 0.0050000000 0.0100000000 467.0075000000	467.0075000000 -8.4390866667e+07 -30666.6666666567 
115	1.0000200000 0.0413840000 0.0500000000 0.0049600000 0.0099600000 inf	463.3421000000 -8.3761766667e+07 1.2583333333e+06 
116	1.0000150000 0.0413880000 0.0500000000 0.0049700000 0.0099700000 inf	464.2433000000 -8.3917366667e+07 9.3833333333e+05 
117	1.0000200000 0.0413800000 0.0500000000 0.0050000000 0.0100000000 466.9105000000	466.9105000000 -8.4373566667e+07 -666.6666666567 
118	1.0000000000 0.0413800000 0.0500000000 0.0049800000 0.0100000000 inf	465.9562000000 -8.4116866667e+07 5.0633333333e+05 
119	1.0000000000 0.0413800000 0.0500000000 0.0050000000 0.0099800000 inf	466.0739000000 -8.4325266667e+07 1.2133333333e+05 
120	1.0000000000 0.0413600000 0.0500000000 0.0050000000 0.0100000000 inf	466.8701000000 -8.4366766667e+07 12333.3333333433 
121	1.0000000000 0.0413800000 0.0499800000 0.0050000000 0.0100000000 inf	466.8308000000 -8.4350666667e+07 41333.3333333433 
122	1.0000160000 0.0413896000 0.0500000000 0.0049640000 0.0099840000 inf	464.5444000000 -8.3874266667e+07 1.0053333333e+06 
123	1.0000120000 0.0413872000 0.0500000000 0.0049730000 0.0099880000 inf	465.1357000000 -8.3999766667e+07 7.5333333333e+05 
124	1.0000000000 0.0413700000 0.0500000000 0.0050000000 0.0100000000 inf	466.8897000000 -8.4370166667e+07 6333.3333333433 
125	1.0000100000 0.0413800000 0.0500000000 0.0050000000 0.0100000000 466.9099000000	466.9099000000 -8.4373666667e+07 -666.6666666567 
126	1.0000000000 0.0413800000 0.0499900000 0.0050000000 0.0100000000 inf	466.8701000000 -8.4362166667e+07 20333.3333333433 
127	1.0000000000 0.0413800000 0.0500000000 0.0049900000 0.0100000000 inf	466.4329000000 -8.4245466667e+07 2.5233333333e+05 
128	1.0000000000 0.0413800000 0.0500000000 0.0050000000 0.0099900000 inf	466.4914000000 -8.4349466667e+07 60333.3333333433 
129	1.0000000000 0.0413900000 0.0500000000 0.0050000000 0.0100000000 466.9290000000	466.9290000000 -8.4377066667e+07 -6666.6666666567 
130	1.0000184000 0.0413894400 0.0500000000 0.0049696000 0.0099776000 inf	464.5442000000 -8.3931166667e+07 9.0133333333e+05 
131	1.0000000000 0.0413750000 0.0500000000 0.0050000000 0.0100000000 inf	466.8995000000 -8.4371866667e+07 3333.3333333433 
132	1.0000050000 0.0413800000 0.0500000000 0.0050000000 0.0100000000 466.9096000000	466.9096000000 -8.4373666667e+07 -666.6666666567 
133	1.0000000000 0.0413800000 0.0499950000 0.0050000000 0.0100000000 inf	466.8897000000 -8.4367866667e+07 10333.3333333433 
134	1.0000000000 0.0413800000 0.0500000000 0.0049950000 0.0100000000 inf	466.6711000000 -8.4309566667e+07 1.2633333333e+05 
135	1.0000000000 0.0413800000 0.0500000000 0.0050000000 0.0099950000 inf	466.7003000000 -8.4361566667e+07 30333.3333333433 
136	1.0000000000 0.0413850000 0.0500000000 0.0050000000 0.0100000000 466.9192000000	466.9192000000 -8.4375366667e+07 -3666.6666666567 
137	1.0000020000 0.0413820000 0.0500000000 0.0049960000 0.0099960000 inf	466.5556000000 -8.4313466667e+07 1.2333333333e+05 
138	1.0000015000 0.0413815000 0.0500000000 0.0049970000 0.0099970000 inf	466.6440000000 -8.4328466667e+07 92333.3333333433 
139	1.0000000000 0.0413780000 0.0500000000 0.0050000000 0.0100000000 inf	466.9054000000 -8.4372966667e+07 1333.3333333433 
140	1.0000020000 0.0413800000 0.0500000000 0.0050000000 0.0100000000 466.9095000000	466.9095000000 -8.4373666667e+07 -666.6666666567 
141	1.0000000000 0.0413800000 0.0499980000 0.0050000000 0.0100000000 inf	466.9015000000 -8.4371366667e+07 4333.3333333433 
142	1.0000000000 0.0413800000 0.0500000000 0.0049980000 0.0100000000 inf	466.8141000000 -8.4348066667e+07 50333.3333333433 
143	1.0000000000 0.0413800000 0.0500000000 0.0050000000 0.0099980000 inf	466.8257000000 -8.4368766667e+07 12333.3333333433 
144	1.0000000000 0.0413820000 0.0500000000 0.0050000000 0.0100000000 466.9133000000	466.9133000000 -8.4374266667e+07 -1666.6666666567 
145	1.0000016000 0.0413816000 0.0500000000 0.0049964000 0.0099984000 inf	466.6742000000 -8.4324266667e+07 99333.3333333433 
146	1.0000012000 0.0413812000 0.0500000000 0.0049973000 0.0099988000 inf	466.7330000000 -8.4336566667e+07 74333.3333333433 
147	1.0000000000 0.0413790000 0.0500000000 0.0050000000 0.0100000000 inf	466.9074000000 -8.4373266667e+07 333.3333333433 
148	1.0000010000 0.0413800000 0.0500000000 0.0050000000 0.0100000000 466.9094000000	466.9094000000 -8.4373666667e+07 -666.6666666567 
149	1.0000000000 0.0413800000 0.0499990000 0.0050000000 0.0100000000 inf	466.9054000000 -8.4372466667e+07 2333.3333333433 
150	1.0000000000 0.0413800000 0.0500000000 0.0049990000 0.0100000000 inf	466.8617000000 -8.4360866667e+07 25333.3333333433 
151	1.0000000000 0.0413800000 0.0500000000 0.0050000000 0.0099990000 inf	466.8675000000 -8.4371166667e+07 6333.3333333433 
152	1.0000000000 0.0413810000 0.0500000000 0.0050000000 0.0100000000 466.9113000000	466.9113000000 -8.4373966667e+07 -666.6666666567 
153	1.0000018400 0.0413818400 0.0500000000 0.0049969600 0.0099977600 inf	466.6746000000 -8.4329966667e+07 89333.3333333433 
154	1.0000013800 0.0413813800 0.0500000000 0.0049977200 0.0099983200 inf	466.7333000000 -8.4340866667e+07 66333.3333333433 
155	1.0000000000 0.0413795000 0.0500000000 0.0050000000 0.0100000000 inf	466.9084000000 -8.4373466667e+07 333.3333333433 
156	1.0000005000 0.0413800000 0.0500000000 0.0050000000 0.0100000000 466.9094000000	466.9094000000 -8.4373666667e+07 -666.6666666567 
157	1.0000000000 0.0413800000 0.0499995000 0.0050000000 0.0100000000 inf	466.9074000000 -8.4373066667e+07 1333.3333333433 
158	1.0000000000 0.0413800000 0.0500000000 0.0049995000 0.0100000000 inf	466.8855000000 -8.4367266667e+07 12333.3333333433 
159	1.0000000000 0.0413800000 0.0500000000 0.0050000000 0.0099995000 inf	466.8884000000 -8.4372366667e+07 3333.3333333433 
160	1.0000000000 0.0413805000 0.0500000000 0.0050000000 0.0100000000 466.9103000000	466.9103000000 -8.4373766667e+07 -666.6666666567 
161	1.0000004000 0.0413802000 0.0500000000 0.0049996000 0.0099996000 inf	466.8740000000 -8.4367566667e+07 12333.3333333433 
162	1.0000003000 0.0413801500 0.0500000000 0.0049997000 0.0099997000 inf	466.8828000000 -8.4369066667e+07 9333.3333333433 
163	1.0000002000 0.0413800000 0.0500000000 0.0050000000 0.0100000000 466.9094000000	466.9094000000 -8.4373666667e+07 -666.6666666567 
164	1.0000000000 0.0413802000 0.0500000000 0.0050000000 0.0100000000 466.9097000000	466.9097000000 -8.4373666667e+07 -666.6666666567 
165	1.0000000000 0.0413798000 0.0500000000 0.0050000000 0.0100000000 inf	466.9090000000 -8.4373566667e+07 333.3333333433 
166	1.0000000000 0.0413800000 0.0499998000 0.0050000000 0.0100000000 inf	466.9086000000 -8.4373366667e+07 333.3333333433 
167	1.0000000000 0.0413800000 0.0500000000 0.0049998000 0.0100000000 inf	466.8998000000 -8.4371066667e+07 5333.3333333433 
168	1.0000000000 0.0413800000 0.0500000000 0.0050000000 0.0099998000 inf	466.9010000000 -8.4373166667e+07 1333.3333333433 
169	1.0000003600 0.0413801600 0.0500000000 0.0049996400 0.0099998400 inf	466.8858000000 -8.4368666667e+07 9333.3333333433 
170	1.0000002700 0.0413801200 0.0500000000 0.0049997300 0.0099998800 inf	466.8917000000 -8.4369866667e+07 7333.3333333433 
171	1.0000000000 0.0413799000 0.0500000000 0.0050000000 0.0100000000 inf	466.9092000000 -8.4373566667e+07 333.3333333433 
172	1.0000001000 0.0413800000 0.0500000000 0.0050000000 0.0100000000 466.9094000000	466.9094000000 -8.4373666667e+07 -666.6666666567 
173	1.0000000000 0.0413800000 0.0499999000 0.0050000000 0.0100000000 inf	466.9090000000 -8.4373466667e+07 333.3333333433 
174	1.0000000000 0.0413800000 0.0500000000 0.0049999000 0.0100000000 inf	466.9046000000 -8.4372366667e+07 2333.3333333433 
175	1.0000000000 0.0413800000 0.0500000000 0.0050000000 0.0099999000 inf	466.9052000000 -8.4373366667e+07 333.3333333433 
176	1.0000000000 0.0413801000 0.0500000000 0.0050000000 0.0100000000 466.9095000000	466.9095000000 -8.4373666667e+07 -666.6666666567 
177	1.0000003840 0.0413801840 0.0500000000 0.0049996960 0.0099997760 inf	466.8859000000 -8.4369266667e+07 8333.3333333433 
178	1.0000002880 0.0413801380 0.0500000000 0.0049997720 0.0099998320 inf	466.8917000000 -8.4370366667e+07 6333.3333333433 
179	1.0000000000 0.0413799500 0.0500000000 0.0050000000 0.0100000000 inf	466.9092000000 -8.4373566667e+07 333.3333333433 
180	1.0000000500 0.0413800000 0.0500000000 0.0050000000 0.0100000000 466.9094000000	466.9094000000 -8.4373666667e+07 -666.6666666567 
181	1.0000000000 0.0413800000 0.0499999500 0.0050000000 0.0100000000 inf	466.9092000000 -8.4373566667e+07 333.3333333433 
182	1.0000000000 0.0413800000 0.0500000000 0.0049999500 0.0100000000 inf	466.9070000000 -8.4372966667e+07 1333.3333333433 
183	1.0000000000 0.0413800000 0.0500000000 0.0050000000 0.0099999500 inf	466.9073000000 -8.4373466667e+07 333.3333333433 
184	1.0000000000 0.0413800500 0.0500000000 0.0050000000 0.0100000000 466.9094000000	466.9094000000 -8.4373666667e+07 -666.6666666567 
185	1.0000000400 0.0413800200 0.0500000000 0.0049999600 0.0099999600 inf	466.9058000000 -8.4373066667e+07 1333.3333333433 
186	1.0000000300 0.0413800150 0.0500000000 0.0049999700 0.0099999700 inf	466.9067000000 -8.4373166667e+07 333.3333333433 
187	1.0000000200 0.0413800000 0.0500000000 0.0050000000 0.0100000000 466.9093000000	466.9093000000 -8.4373666667e+07 -666.6666666567 
188	1.0000000000 0.0413800200 0.0500000000 0.0050000000 0.0100000000 466.9094000000	466.9094000000 -8.4373666667e+07 -666.6666666567 
189	1.0000000000 0.0413799800 0.0500000000 0.0050000000 0.0100000000 inf	466.9093000000 -8.4373566667e+07 333.3333333433 
190	1.0000000000 0.0413800000 0.0499999800 0.0050000000 0.0100000000 inf	466.9093000000 -8.4373566667e+07 333.3333333433 
191	1.0000000000 0.0413800000 0.0500000000 0.0049999800 0.0100000000 inf	466.9084000000 -8.4373366667e+07 333.3333333433 
192	1.0000000000 0.0413800000 0.0500000000 0.0050000000 0.0099999800 inf	466.9085000000 -8.4373566667e+07 333.3333333433 
193	1.0000000240 0.0413800280 0.0500000000 0.0049999640 0.0099999840 inf	466.9070000000 -8.4373166667e+07 333.3333333433 
194	1.0000000180 0.0413800210 0.0500000000 0.0049999730 0.0099999880 inf	466.9076000000 -8.4373266667e+07 333.3333333433 
195	1.0000000000 0.0413799900 0.0500000000 0.0050000000 0.0100000000 466.9093000000	466.9093000000 -8.4373666667e+07 -666.6666666567 
196	1.0000000100 0.0413800000 0.0500000000 0.0050000000 0.0100000000 466.9093000000	466.9093000000 -8.4373666667e+07 -666.6666666567 
197	1.0000000000 0.0413800000 0.0499999900 0.0050000000 0.0100000000 inf	466.9093000000 -8.4373566667e+07 333.3333333433 
198	1.0000000000 0.0413800000 0.0500000000 0.0049999900 0.0100000000 inf	466.9089000000 -8.4373466667e+07 333.3333333433 
199	1.0000000000 0.0413800000 0.0500000000 0.0050000000 0.0099999900 inf	466.9089000000 -8.4373566667e+07 333.3333333433 
200	1.0000000000 0.0413800100 0.0500000000 0.0050000000 0.0100000000 466.9094000000	466.9094000000 -8.4373666667e+07 -666.6666666567 
